3 0.87109375 0.44765625 0.01484375 0.0203125
3 0.925 0.39765625 0.01796875 0.01484375
3 0.8359375 0.38828125 0.0171875 0.01875
3 0.84453125 0.36796875 0.01953125 0.03125
3 0.75 0.3578125 0.015625 0.01875
3 0.35078125 0.4390625 0.015625 0.0171875
3 0.2625 0.5453125 0.01875 0.0171875
3 0.209375 0.48046875 0.01640625 0.02109375
3 0.1921875 0.5921875 0.015625 0.02109375
3 0.340625 0.825 0.0109375 0.025
3 0.12890625 0.765625 0.0109375 0.03046875
3 0.12109375 0.83046875 0.009375 0.0265625
3 0.084375 0.29609375 0.02109375 0.01875
3 0.221875 0.12734375 0.0109375 0.0296875
3 0.20703125 0.175 0.01015625 0.02265625
4 0.96171875 0.30625 0.02265625 0.03125
4 0.74140625 0.5390625 0.03203125 0.025
4 0.678125 0.5078125 0.034375 0.02265625
4 0.7109375 0.28125 0.03046875 0.02890625
4 0.5515625 0.3 0.02734375 0.0234375
4 0.14765625 0.02578125 0.02265625 0.0515625
4 0.16875 0.04765625 0.01328125 0.04140625
4 0.16640625 0.12578125 0.02109375 0.0546875
4 0.20703125 0.28359375 0.04375 0.021875
4 0.290625 0.61796875 0.01796875 0.05
1 0.97109375 0.36796875 0.046875 0.04140625
1 0.90546875 0.56171875 0.046875 0.03515625
1 0.78359375 0.33984375 0.03984375 0.0265625
1 0.7640625 0.30546875 0.04140625 0.01953125
1 0.76328125 0.284375 0.03984375 0.02421875
1 0.63515625 0.26875 0.05390625 0.0328125
1 0.446875 0.25546875 0.04296875 0.034375
1 0.3953125 0.259375 0.04453125 0.0265625
1 0.35 0.26328125 0.0421875 0.02421875
1 0.20078125 0.30625 0.0671875 0.02421875
1 0.32109375 0.76953125 0.0234375 0.06328125
2 0.18984375 0.11484375 0.00859375 0.0171875
2 0.37265625 0.8046875 0.00859375 0.01796875
2 0.36796875 0.9671875 0.00859375 0.01796875
2 0.278125 0.646875 0.009375 0.015625
0 0.2203125 0.03046875 0.00703125 0.01484375
0 0.1796875 0.03828125 0.0046875 0.01328125
0 0.18828125 0.2515625 0.00625 0.015625
0 0.365625 0.821875 0.00703125 0.01484375
0 0.340625 0.878125 0.00625 0.0125
0 0.33984375 0.903125 0.00546875 0.015625