3 0.20859375 0.615625 0.01953125 0.01953125
3 0.23671875 0.6390625 0.01875 0.0203125
3 0.26953125 0.625 0.01640625 0.02109375
3 0.28515625 0.56171875 0.015625 0.02421875
3 0.30078125 0.53671875 0.01796875 0.01875
3 0.43125 0.62890625 0.015625 0.0140625
3 0.46171875 0.665625 0.015625 0.02265625
3 0.48125 0.63203125 0.01796875 0.01953125
3 0.4390625 0.6484375 0.01640625 0.02109375
3 0.5046875 0.49140625 0.01953125 0.021875
3 0.57109375 0.4890625 0.0171875 0.01640625
3 0.57890625 0.5546875 0.01953125 0.021875
3 0.7921875 0.82109375 0.009375 0.021875
3 0.759375 0.44375 0.01796875 0.01796875
3 0.5875 0.07109375 0.0140625 0.02265625
3 0.61484375 0.0890625 0.0140625 0.02734375
3 0.82109375 0.39375 0.01640625 0.0203125
3 0.87109375 0.21875 0.00859375 0.03125
3 0.91953125 0.128125 0.01015625 0.02890625
3 0.93515625 0.15625 0.0109375 0.0265625
3 0.94609375 0.23046875 0.01640625 0.025
4 0.0375 0.69296875 0.02265625 0.0265625
4 0.25703125 0.459375 0.028125 0.02109375
4 0.2875 0.721875 0.02890625 0.021875
4 0.58203125 0.71171875 0.028125 0.0296875
4 0.815625 0.5125 0.02890625 0.01953125
4 0.8828125 0.2296875 0.0125 0.0515625
4 0.634375 0.07578125 0.0203125 0.04296875
4 0.85 0.971875 0.0203125 0.0515625
4 0.83203125 0.8734375 0.0203125 0.0578125
1 0.09140625 0.4359375 0.05 0.040625
1 0.0625 0.478125 0.0390625 0.03671875
1 0.053125 0.65546875 0.03984375 0.0375
1 0.2296875 0.6640625 0.04296875 0.0265625
1 0.2453125 0.69375 0.040625 0.02421875
1 0.23515625 0.71328125 0.0375 0.025
1 0.36328125 0.72890625 0.0546875 0.0375
1 0.4046875 0.67421875 0.04140625 0.02890625
1 0.55234375 0.74375 0.04296875 0.03203125
1 0.6046875 0.740625 0.04453125 0.0265625
1 0.64921875 0.73515625 0.04375 0.025
1 0.91484375 0.6921875 0.071875 0.028125
1 0.975 0.7015625 0.0453125 0.02890625
2 0.65390625 0.0859375 0.00859375 0.01875
2 0.71328125 0.4078125 0.01328125 0.02421875
2 0.79765625 0.959375 0.00859375 0.0234375
0 0.81796875 0.9796875 0.00625 0.0125
0 0.82890625 0.95859375 0.00546875 0.0125
0 0.775 0.8921875 0.00859375 0.015625
0 0.8109375 0.746875 0.00625 0.015625
0 0.71484375 0.35390625 0.00625 0.015625
0 0.7296875 0.36953125 0.00546875 0.01640625
0 0.73125 0.41171875 0.00546875 0.0109375
0 0.6453125 0.25234375 0.009375 0.01328125
0 0.70390625 0.28828125 0.0078125 0.0125