3 0.79140625 0.615625 0.01953125 0.01953125
3 0.76328125 0.6390625 0.01875 0.0203125
3 0.73046875 0.625 0.01640625 0.02109375
3 0.71484375 0.56171875 0.015625 0.02421875
3 0.69921875 0.53671875 0.01796875 0.01875
3 0.56875 0.62890625 0.015625 0.0140625
3 0.53828125 0.665625 0.015625 0.02265625
3 0.51875 0.63203125 0.01796875 0.01953125
3 0.5609375 0.6484375 0.01640625 0.02109375
3 0.4953125 0.49140625 0.01953125 0.021875
3 0.42890625 0.4890625 0.0171875 0.01640625
3 0.42109375 0.5546875 0.01953125 0.021875
3 0.2078125 0.82109375 0.009375 0.021875
3 0.240625 0.44375 0.01796875 0.01796875
3 0.4125 0.07109375 0.0140625 0.02265625
3 0.38515625 0.0890625 0.0140625 0.02734375
3 0.17890625 0.39375 0.01640625 0.0203125
3 0.12890625 0.21875 0.00859375 0.03125
3 0.08046875 0.128125 0.01015625 0.02890625
3 0.06484375 0.15625 0.0109375 0.0265625
3 0.05390625 0.23046875 0.01640625 0.025
4 0.9625 0.69296875 0.02265625 0.0265625
4 0.74296875 0.459375 0.028125 0.02109375
4 0.7125 0.721875 0.02890625 0.021875
4 0.41796875 0.71171875 0.028125 0.0296875
4 0.184375 0.5125 0.02890625 0.01953125
4 0.1171875 0.2296875 0.0125 0.0515625
4 0.365625 0.07578125 0.0203125 0.04296875
4 0.15 0.971875 0.0203125 0.0515625
4 0.16796875 0.8734375 0.0203125 0.0578125
1 0.90859375 0.4359375 0.05 0.040625
1 0.9375 0.478125 0.0390625 0.03671875
1 0.946875 0.65546875 0.03984375 0.0375
1 0.7703125 0.6640625 0.04296875 0.0265625
1 0.7546875 0.69375 0.040625 0.02421875
1 0.76484375 0.71328125 0.0375 0.025
1 0.63671875 0.72890625 0.0546875 0.0375
1 0.5953125 0.67421875 0.04140625 0.02890625
1 0.44765625 0.74375 0.04296875 0.03203125
1 0.3953125 0.740625 0.04453125 0.0265625
1 0.35078125 0.73515625 0.04375 0.025
1 0.08515625 0.6921875 0.071875 0.028125
1 0.025 0.7015625 0.0453125 0.02890625
2 0.34609375 0.0859375 0.00859375 0.01875
2 0.28671875 0.4078125 0.01328125 0.02421875
2 0.20234375 0.959375 0.00859375 0.0234375
0 0.18203125 0.9796875 0.00625 0.0125
0 0.17109375 0.95859375 0.00546875 0.0125
0 0.225 0.8921875 0.00859375 0.015625
0 0.1890625 0.746875 0.00625 0.015625
0 0.28515625 0.35390625 0.00625 0.015625
0 0.2703125 0.36953125 0.00546875 0.01640625
0 0.26875 0.41171875 0.00546875 0.0109375
0 0.3546875 0.25234375 0.009375 0.01328125
0 0.29609375 0.28828125 0.0078125 0.0125