3 0.12890625 0.55234375 0.01484375 0.0203125
3 0.075 0.60234375 0.01796875 0.01484375
3 0.1640625 0.61171875 0.0171875 0.01875
3 0.15546875 0.63203125 0.01953125 0.03125
3 0.25 0.6421875 0.015625 0.01875
3 0.64921875 0.5609375 0.015625 0.0171875
3 0.7375 0.4546875 0.01875 0.0171875
3 0.790625 0.51953125 0.01640625 0.02109375
3 0.8078125 0.4078125 0.015625 0.02109375
3 0.659375 0.175 0.0109375 0.025
3 0.87109375 0.234375 0.0109375 0.03046875
3 0.87890625 0.16953125 0.009375 0.0265625
3 0.915625 0.70390625 0.02109375 0.01875
3 0.778125 0.87265625 0.0109375 0.0296875
3 0.79296875 0.825 0.01015625 0.02265625
4 0.03828125 0.69375 0.02265625 0.03125
4 0.25859375 0.4609375 0.03203125 0.025
4 0.321875 0.4921875 0.034375 0.02265625
4 0.2890625 0.71875 0.03046875 0.02890625
4 0.4484375 0.7 0.02734375 0.0234375
4 0.85234375 0.97421875 0.02265625 0.0515625
4 0.83125 0.95234375 0.01328125 0.04140625
4 0.83359375 0.87421875 0.02109375 0.0546875
4 0.79296875 0.71640625 0.04375 0.021875
4 0.709375 0.38203125 0.01796875 0.05
1 0.02890625 0.63203125 0.046875 0.04140625
1 0.09453125 0.43828125 0.046875 0.03515625
1 0.21640625 0.66015625 0.03984375 0.0265625
1 0.2359375 0.69453125 0.04140625 0.01953125
1 0.23671875 0.715625 0.03984375 0.02421875
1 0.36484375 0.73125 0.05390625 0.0328125
1 0.553125 0.74453125 0.04296875 0.034375
1 0.6046875 0.740625 0.04453125 0.0265625
1 0.65 0.73671875 0.0421875 0.02421875
1 0.79921875 0.69375 0.0671875 0.02421875
1 0.67890625 0.23046875 0.0234375 0.06328125
2 0.81015625 0.88515625 0.00859375 0.0171875
2 0.62734375 0.1953125 0.00859375 0.01796875
2 0.63203125 0.0328125 0.00859375 0.01796875
2 0.721875 0.353125 0.009375 0.015625
0 0.7796875 0.96953125 0.00703125 0.01484375
0 0.8203125 0.96171875 0.0046875 0.01328125
0 0.81171875 0.7484375 0.00625 0.015625
0 0.634375 0.178125 0.00703125 0.01484375
0 0.659375 0.121875 0.00625 0.0125
0 0.66015625 0.096875 0.00546875 0.015625