3 0.87109375 0.55234375 0.01484375 0.0203125
3 0.925 0.60234375 0.01796875 0.01484375
3 0.8359375 0.61171875 0.0171875 0.01875
3 0.84453125 0.63203125 0.01953125 0.03125
3 0.75 0.6421875 0.015625 0.01875
3 0.35078125 0.5609375 0.015625 0.0171875
3 0.2625 0.4546875 0.01875 0.0171875
3 0.209375 0.51953125 0.01640625 0.02109375
3 0.1921875 0.4078125 0.015625 0.02109375
3 0.340625 0.175 0.0109375 0.025
3 0.12890625 0.234375 0.0109375 0.03046875
3 0.12109375 0.16953125 0.009375 0.0265625
3 0.084375 0.70390625 0.02109375 0.01875
3 0.221875 0.87265625 0.0109375 0.0296875
3 0.20703125 0.825 0.01015625 0.02265625
4 0.96171875 0.69375 0.02265625 0.03125
4 0.74140625 0.4609375 0.03203125 0.025
4 0.678125 0.4921875 0.034375 0.02265625
4 0.7109375 0.71875 0.03046875 0.02890625
4 0.5515625 0.7 0.02734375 0.0234375
4 0.14765625 0.97421875 0.02265625 0.0515625
4 0.16875 0.95234375 0.01328125 0.04140625
4 0.16640625 0.87421875 0.02109375 0.0546875
4 0.20703125 0.71640625 0.04375 0.021875
4 0.290625 0.38203125 0.01796875 0.05
1 0.97109375 0.63203125 0.046875 0.04140625
1 0.90546875 0.43828125 0.046875 0.03515625
1 0.78359375 0.66015625 0.03984375 0.0265625
1 0.7640625 0.69453125 0.04140625 0.01953125
1 0.76328125 0.715625 0.03984375 0.02421875
1 0.63515625 0.73125 0.05390625 0.0328125
1 0.446875 0.74453125 0.04296875 0.034375
1 0.3953125 0.740625 0.04453125 0.0265625
1 0.35 0.73671875 0.0421875 0.02421875
1 0.20078125 0.69375 0.0671875 0.02421875
1 0.32109375 0.23046875 0.0234375 0.06328125
2 0.18984375 0.88515625 0.00859375 0.0171875
2 0.37265625 0.1953125 0.00859375 0.01796875
2 0.36796875 0.0328125 0.00859375 0.01796875
2 0.278125 0.353125 0.009375 0.015625
0 0.2203125 0.96953125 0.00703125 0.01484375
0 0.1796875 0.96171875 0.0046875 0.01328125
0 0.18828125 0.7484375 0.00625 0.015625
0 0.365625 0.178125 0.00703125 0.01484375
0 0.340625 0.121875 0.00625 0.0125
0 0.33984375 0.096875 0.00546875 0.015625